
[quick Sort Performance Test]

[Sorted Input]
n = 1000
  Average: 0.00031s
    Time/n     = 3.1e-07
    Time/n^2   = 3.1e-10
    Time/nlogn = 3.11064e-08
    Sorted Correctly? Yes

n = 10000
  Average: 0.0276846s
    Time/n     = 2.76846e-06
    Time/n^2   = 2.76846e-10
    Time/nlogn = 2.08347e-07
    Sorted Correctly? Yes

n = 100000
  Average: 2.41776s
    Time/n     = 2.41776e-05
    Time/n^2   = 2.41776e-10
    Time/nlogn = 1.45564e-06
    Sorted Correctly? Yes

n = 1000000
