
[library Sort Performance Test]

[Sorted Input]
n = 1000
  Average: 0.0010047s
    Time/n     = 1.0047e-06
    Time/n^2   = 1.0047e-09
    Time/nlogn = 1.00815e-07
    Sorted Correctly? Yes

n = 10000
  Average: 0.11448s
    Time/n     = 1.1448e-05
    Time/n^2   = 1.1448e-09
    Time/nlogn = 8.61546e-07
    Sorted Correctly? Yes

n = 100000
  Average: 9.30172s
    Time/n     = 9.30172e-05
    Time/n^2   = 9.30172e-10
    Time/nlogn = 5.60019e-06
    Sorted Correctly? Yes

n = 1000000
