
[selection Sort Performance Test]

[Sorted Input]
n = 1000
  Average: 0.00034626s
    Time/n     = 3.4626e-07
    Time/n^2   = 3.4626e-10
    Time/nlogn = 3.47449e-08
    Sorted Correctly? Yes

n = 10000
  Average: 0.0290546s
    Time/n     = 2.90546e-06
    Time/n^2   = 2.90546e-10
    Time/nlogn = 2.18658e-07
    Sorted Correctly? Yes

n = 100000
